2022-02-08
www.potato.codes
Time;BTC_price;BTC_MC;BTC_MCD;BTC_Vol24;ETH_price;ETH_MC;ETH_MCD;ETH_Vol24;BNB_price;BNB_MC;BNB_MCD;BNB_Vol24;
19:00;43017;815283333500;41;32013667197;3052;364801542856;18;17068603649;416;68783088447;3;1991334526
19:01;43001;814978282136;41;32039839962;3052;364785772629;18;17067232926;416;68745431333;3;1992085447
19:02;42997;814896764336;41;32038689972;3052;364744877007;18;17068051127;416;68747235277;3;1991290004
19:03;42982;814611137589;41;32006148989;3052;364708793317;18;17065524347;416;68718987236;3;1991547024
19:04;42979;814563651193;41;32001029394;3052;364725828783;18;17062448198;416;68708752695;3;1991374937
19:05;42974;814462151266;41;31898944125;3051;364657250866;18;16979626715;415;68684551090;3;1990879803
19:06;42985;814679233645;41;31868834918;3052;364791518501;18;16956624272;415;68670625294;3;1991066448
